Виправлені дані
Метод: knn_manhattan
────────────────────────────────────────────────────────────

	Time_s
	Positive_count
	Negative_count
Video1
	68.00
	250.00
	125.00
Video2
	126.00
	215.00
	12.00
Video3
	39.00
	300.00
	156.00
Video4
	38.00
	312.00
	65.00
Video5
	65.00
	256.00
	76.60
Video6
	90.00
	236.00
	69.00
Video7
	60.00
	236.00
	65.00
Video8
	62.00
	254.00
	65.00
Video9
	63.00
	250.00
	63.00
Video10
	600.00
	250.00
	62.00
Video11
	60.00
	267.00
	65.00
Video12
	92.00
	900.00
	68.00
Video13
	82.00
	301.00
	69.00
Video14
	72.60
	32.00
	63.00
Video15
	60.00
	35.00
	63.00
Video16
	60.00
	32.00
	54.20
Video17
	62.00
	282.80
	654.00
Video18
	63.00
	12.00
	12.00
Video19
	12.00
	352.00
	256.00
Video20
	32.00
	256.00
	236.00
Video21
	86.00
	256.00
	65.00
Video22
	42.60
	254.00
	668.00
Video23
	93.00
	253.00
	65.00
Video24
	91.00
	251.00
	68.00
Video25
	94.00
	251.00
	65.00
Video26
	100.00
	254.80
	65.00
Video27
	120.00
	251.00
	66.00
Video28
	93.00
	236.00
	69.00
Video29
	48.12
	2364.00
	697.00
Video30
	85.00
	254.00
	65.00
Video31
	90.00
	214.00
	68.00
Video32
	85.00
	258.00
	69.00
Video33
	93.00
	259.00
	65.40
Video34
	90.00
	257.00
	69.00
Video35
	93.00
	259.00
	65.00
Video36
	94.00
	257.00
	63.00
Video37
	85.40
	256.00
	64.00
Video38
	93.00
	254.00
	67.00
Video39
	93.00
	254.00
	63.00
Video40
	93.00
	254.00
	67.00
